25.0 2639.282
25.0 2641.350
12.5 2641.522
25.0 2643.356
12.5 2643.548
25.0 2645.339
12.5 2645.488
25.0 2647.301
12.5 2647.535
25.0 2649.306
12.5 2649.540
25.0 2651.311
12.5 2651.545
25.0 2653.358
12.5 2653.486
25.0 2655.299
12.5 2655.534
25.0 2657.326
12.5 2657.539
25.0 2659.351
12.5 2659.501
25.0 2661.314
12.5 2661.527
25.0 2663.297
12.5 2663.532
25.0 2665.302
12.5 2665.537
25.0 2667.307
12.5 2667.542
25.0 2669.312
12.5 2669.547
25.0 2671.318
12.5 2671.488
25.0 2673.301
12.5 2673.535
25.0 2675.305
12.5 2675.540
25.0 2677.332
12.5 2677.502
25.0 2679.315
12.5 2679.507
