25.0 995.540
25.0 997.524
12.5 997.716
25.0 999.551
12.5 999.721
25.0 1001.536
12.5 1001.748
25.0 1003.540
12.5 1003.711
25.0 1005.546
12.5 1005.758
25.0 1007.572
12.5 1007.722
25.0 1009.557
12.5 1009.749
25.0 1011.541
12.5 1011.754
25.0 1013.546
25.0 1015.530
12.5 1015.743
25.0 1017.557
12.5 1017.749
25.0 1019.541
12.5 1019.754
25.0 1021.547
12.5 1021.738
25.0 1023.531
12.5 1023.722
25.0 1025.579
12.5 1025.728
25.0 1027.542
12.5 1027.755
25.0 1029.547
12.5 1029.760
25.0 1031.552
12.5 1031.744
25.0 1033.579
12.5 1033.750
25.0 1035.542
12.5 1035.755
