25.0 4299.640
25.0 4301.688
12.5 4301.880
25.0 4303.672
12.5 4303.885
25.0 4305.656
12.5 4305.890
25.0 4307.661
12.5 4307.896
25.0 4309.667
12.5 4309.923
25.0 4311.651
12.5 4311.864
25.0 4313.656
12.5 4313.891
25.0 4315.704
12.5 4315.875
25.0 4317.710
12.5 4317.880
25.0 4319.672
12.5 4319.886
25.0 4321.656
12.5 4321.891
25.0 4323.662
12.5 4323.853
25.0 4325.646
12.5 4325.902
25.0 4327.672
12.5 4327.886
25.0 4329.656
12.5 4329.848
25.0 4331.662
12.5 4331.854
25.0 4333.646
12.5 4333.902
25.0 4335.673
12.5 4335.865
25.0 4337.657
12.5 4337.849
25.0 4339.662
12.5 4339.896
