25.0 4906.601
25.0 4908.605
12.5 4908.860
25.0 4910.611
12.5 4910.866
25.0 4912.617
12.5 4912.872
25.0 4914.621
12.5 4914.856
25.0 4916.606
12.5 4916.861
25.0 4918.611
12.5 4918.866
25.0 4920.616
12.5 4920.872
25.0 4922.600
12.5 4922.856
25.0 4924.605
12.5 4924.861
25.0 4926.611
12.5 4926.866
25.0 4928.637
12.5 4928.851
25.0 4930.621
12.5 4930.856
25.0 4932.627
12.5 4932.860
25.0 4934.611
12.5 4934.845
25.0 4936.616
12.5 4936.851
25.0 4938.600
12.5 4938.855
25.0 4940.626
12.5 4940.861
25.0 4942.615
12.5 4942.866
25.0 4944.616
12.5 4944.850
25.0 4946.621
12.5 4946.856
