25.0 2393.896
25.0 2395.902
12.5 2396.115
25.0 2397.970
12.5 2398.163
25.0 2399.955
12.5 2400.147
25.0 2401.939
12.5 2402.152
25.0 2403.923
12.5 2404.157
25.0 2405.928
12.5 2406.163
25.0 2407.933
12.5 2408.168
25.0 2409.961
12.5 2410.110
25.0 2411.923
12.5 2412.137
25.0 2413.929
12.5 2414.163
25.0 2415.913
12.5 2416.168
25.0 2417.940
12.5 2418.110
25.0 2419.924
12.5 2420.158
25.0 2421.929
12.5 2422.142
25.0 2423.934
12.5 2424.126
25.0 2425.919
12.5 2426.153
25.0 2427.946
12.5 2428.116
25.0 2429.929
12.5 2430.142
25.0 2431.935
12.5 2432.169
25.0 2433.941
12.5 2434.154
