25.0 841.692
25.0 843.717
12.5 843.931
25.0 845.724
12.5 845.894
25.0 847.707
12.5 847.836
25.0 849.734
12.5 849.841
25.0 851.718
12.5 851.867
25.0 853.723
12.5 853.852
25.0 855.708
12.5 855.879
25.0 857.713
12.5 857.884
25.0 859.740
12.5 859.889
25.0 861.746
12.5 861.916
25.0 863.751
12.5 863.857
25.0 865.714
12.5 865.841
25.0 867.719
12.5 867.870
25.0 869.725
12.5 869.895
25.0 871.751
12.5 871.837
25.0 873.714
12.5 873.884
25.0 875.719
12.5 875.847
25.0 877.725
12.5 877.874
25.0 879.731
12.5 879.901
25.0 881.715
12.5 881.864
