25.0 550.183
25.0 552.251
12.5 552.400
25.0 554.256
12.5 554.448
25.0 556.219
12.5 556.368
25.0 558.203
12.5 558.352
25.0 560.208
12.5 560.379
25.0 562.213
12.5 562.384
25.0 564.218
12.5 564.368
25.0 566.245
12.5 566.415
12.5 568.378
25.0 570.234
12.5 570.340
25.0 572.218
12.5 572.367
25.0 574.224
12.5 574.394
25.0 576.207
12.5 576.357
25.0 578.192
12.5 578.340
25.0 580.239
12.5 580.388
25.0 582.223
12.5 582.393
25.0 584.228
12.5 584.399
25.0 586.212
12.5 586.404
25.0 588.259
12.5 588.345
25.0 590.223
12.5 590.414
