25.0 1689.512
25.0 1691.537
12.5 1691.687
25.0 1693.543
12.5 1693.671
25.0 1695.527
12.5 1695.719
25.0 1697.532
12.5 1697.681
25.0 1699.516
12.5 1699.665
25.0 1701.522
12.5 1701.714
25.0 1703.548
12.5 1703.677
25.0 1705.532
12.5 1705.661
25.0 1707.517
12.5 1707.708
25.0 1709.522
12.5 1709.671
25.0 1711.549
12.5 1711.677
25.0 1713.554
12.5 1713.661
25.0 1715.517
12.5 1715.709
25.0 1717.544
12.5 1717.714
25.0 1719.528
12.5 1719.720
25.0 1721.576
12.5 1721.703
25.0 1723.538
12.5 1723.667
25.0 1725.522
12.5 1725.672
25.0 1727.549
12.5 1727.677
25.0 1729.533
12.5 1729.704
