25.0 1227.963
25.0 1229.991
12.5 1230.160
25.0 1231.995
12.5 1232.165
25.0 1233.978
12.5 1234.149
25.0 1236.006
12.5 1236.175
25.0 1237.989
12.5 1238.181
25.0 1239.995
12.5 1240.165
25.0 1241.978
12.5 1242.149
25.0 1243.962
12.5 1244.112
25.0 1245.989
12.5 1246.138
25.0 1247.974
12.5 1248.123
25.0 1249.978
12.5 1250.107
25.0 1251.984
12.5 1252.154
25.0 1253.989
12.5 1254.181
25.0 1255.973
12.5 1256.165
25.0 1258.000
12.5 1258.128
25.0 1259.984
12.5 1260.154
25.0 1261.989
12.5 1262.160
25.0 1263.973
12.5 1264.122
25.0 1265.978
12.5 1266.149
25.0 1267.963
12.5 1268.112
