25.0 1935.600
25.0 1937.604
12.5 1937.797
25.0 1939.589
12.5 1939.738
25.0 1941.594
12.5 1941.743
25.0 1943.599
12.5 1943.749
25.0 1945.605
12.5 1945.796
25.0 1947.610
12.5 1947.739
25.0 1949.595
12.5 1949.786
25.0 1951.600
12.5 1951.771
25.0 1953.606
12.5 1953.755
25.0 1955.631
12.5 1955.739
25.0 1957.595
12.5 1957.766
25.0 1959.621
12.5 1959.749
25.0 1961.605
12.5 1961.776
25.0 1963.612
12.5 1963.782
25.0 1965.595
12.5 1965.787
25.0 1967.600
12.5 1967.771
25.0 1969.606
12.5 1969.755
25.0 1971.611
12.5 1971.803
25.0 1973.617
12.5 1973.766
25.0 1975.601
12.5 1975.750
