25.0 20294.942
25.0 20296.990
12.5 20297.160
25.0 20298.974
12.5 20299.123
25.0 20301.000
12.5 20301.086
25.0 20302.983
12.5 20303.092
25.0 20304.990
25.0 20306.996
25.0 20308.979
12.5 20309.129
25.0 20310.963
25.0 20312.968
12.5 20313.139
25.0 20314.974
12.5 20315.101
25.0 20316.979
12.5 20317.128
25.0 20318.963
12.5 20319.133
25.0 20320.968
12.5 20321.139
25.0 20322.995
12.5 20323.144
25.0 20324.979
12.5 20325.086
25.0 20326.963
12.5 20327.090
25.0 20328.968
12.5 20329.117
25.0 20330.995
12.5 20331.101
25.0 20333.000
12.5 20333.086
25.0 20334.963
12.5 20335.091
