25.0 6902.741
25.0 6904.746
12.5 6904.852
25.0 6906.751
12.5 6906.859
25.0 6908.757
12.5 6908.885
25.0 6910.740
12.5 6910.868
25.0 6912.766
12.5 6912.874
25.0 6914.751
12.5 6914.857
25.0 6916.757
12.5 6916.863
25.0 6918.782
12.5 6918.869
25.0 6920.746
12.5 6920.852
25.0 6922.750
12.5 6922.858
25.0 6924.777
12.5 6924.863
25.0 6926.741
12.5 6926.890
25.0 6928.746
12.5 6928.852
25.0 6930.772
12.5 6930.921
25.0 6932.756
12.5 6932.863
25.0 6934.740
12.5 6934.869
25.0 6936.767
12.5 6936.874
25.0 6938.751
12.5 6938.858
25.0 6940.756
12.5 6940.864
25.0 6942.761
12.5 6942.868
