25.0 19148.737
25.0 19150.743
12.5 19150.869
25.0 19152.748
12.5 19152.875
25.0 19154.732
12.5 19154.881
25.0 19156.758
12.5 19156.866
25.0 19158.743
12.5 19158.871
25.0 19160.747
12.5 19160.875
25.0 19162.753
12.5 19162.882
25.0 19164.758
12.5 19164.866
25.0 19166.743
12.5 19166.870
25.0 19168.748
12.5 19168.876
25.0 19170.754
12.5 19170.881
25.0 19172.738
25.0 19174.743
12.5 19174.891
25.0 19176.770
12.5 19176.919
25.0 19178.733
12.5 19178.882
25.0 19180.759
12.5 19180.930
25.0 19182.764
12.5 19182.870
25.0 19184.748
12.5 19184.876
25.0 19186.754
12.5 19186.881
25.0 19188.759
12.5 19188.908
