25.0 6538.313
25.0 6540.340
12.5 6540.446
25.0 6542.323
12.5 6542.430
25.0 6544.328
12.5 6544.435
25.0 6546.334
12.5 6546.441
25.0 6548.318
25.0 6550.324
12.5 6550.429
25.0 6552.328
12.5 6552.413
25.0 6554.335
12.5 6554.463
25.0 6556.318
12.5 6556.447
25.0 6558.324
12.5 6558.451
25.0 6560.329
12.5 6560.436
12.5 6562.441
25.0 6564.339
12.5 6564.447
25.0 6566.324
12.5 6566.431
25.0 6568.308
12.5 6568.436
25.0 6570.334
12.5 6570.441
25.0 6572.340
12.5 6572.447
25.0 6574.324
12.5 6574.431
25.0 6576.350
12.5 6576.436
25.0 6578.313
12.5 6578.441
