25.0 19481.149
25.0 19483.153
12.5 19483.260
25.0 19485.159
12.5 19485.286
25.0 19487.164
12.5 19487.270
25.0 19489.169
12.5 19489.297
25.0 19491.154
12.5 19491.303
25.0 19493.158
12.5 19493.265
25.0 19495.142
12.5 19495.249
25.0 19497.148
12.5 19497.297
25.0 19499.153
12.5 19499.302
25.0 19501.159
12.5 19501.287
25.0 19503.163
12.5 19503.270
25.0 19505.233
25.0 19507.153
12.5 19507.260
25.0 19509.159
12.5 19509.308
25.0 19511.143
12.5 19511.271
25.0 19513.148
25.0 19515.153
12.5 19515.260
25.0 19517.158
25.0 19519.142
12.5 19519.250
25.0 19521.169
12.5 19521.233
